Time elapsed: %s 3.1823059544e-05
Fitting weak regression tree  10
---------
[-15.2039427  -53.21277599]
[ 0.  0.]
[-15.2039427  -53.21277599] 7898.46687302
---------
[-15.2039427  -53.21277599]
[ 0.  0.]
[-15.2039427  -53.21277599] 7898.46687302
---------
[-15.2039427  -53.21277599]
[ 0.  0.]
[-15.2039427  -53.21277599] 7898.46687302
---------
[-15.2039427  -53.21277599]
[ 0.  0.]
[-15.2039427  -53.21277599] 7898.46687302
---------
[-15.2039427  -53.21277599]
[ 52.53281606   0.81561702]
[-22.73024922 -59.21593076] 8770.32731041
---------
[-15.2039427  -53.21277599]
[ 0.  0.]
[-15.2039427  -53.21277599] 7898.46687302
---------
[-15.2039427  -53.21277599]
[ 0.  0.]
[-15.2039427  -53.21277599] 7898.46687302
---------
[-15.2039427  -53.21277599]
[ 52.53281606   0.81561702]
[-22.73024922 -59.21593076] 8770.32731041
---------
[-15.2039427  -53.21277599]
[ 0.  0.]
[-15.2039427  -53.21277599] 7898.46687302
---------
[-15.2039427  -53.21277599]
[ 0.  0.]
[-15.2039427  -53.21277599] 7898.46687302
---------
[-15.2039427  -53.21277599]
[ 0.  0.]
[-15.2039427  -53.21277599] 7898.46687302
---------
[-15.2039427  -53.21277599]
[ 0.  0.]
[-15.2039427  -53.21277599] 7898.46687302
---------
[-15.2039427  -53.21277599]
[ 0.  0.]
[-15.2039427  -53.21277599] 7898.46687302
---------
[-15.2039427  -53.21277599]
[ 0.  0.]
[-15.2039427  -53.21277599] 7898.46687302
---------
[-15.2039427  -53.21277599]
[ 0.  0.]
[-15.2039427  -53.21277599] 7898.46687302
---------
[-15.2039427  -53.21277599]
[ 0.  0.]
[-15.2039427  -53.21277599] 7898.46687302
---------
[-15.2039427  -53.21277599]
[ 52.53281606   0.81561702]
[-22.73024922 -59.21593076] 8770.32731041
---------
[-15.2039427  -53.21277599]
[-162.75409639 -364.31296059]
[  1.19051882 -18.64608881] 7941.41602284
---------
[-15.2039427  -53.21277599]
[ 0.  0.]
[-15.2039427  -53.21277599] 7898.46687302
---------
[-15.2039427  -53.21277599]
[ 0.  0.]
[-15.2039427  -53.21277599] 7898.46687302
---------
[ 52.53281606   0.81561702]
[ 0.  0.]
[ 52.53281606   0.81561702] 524.859751502
---------
[ 52.53281606   0.81561702]
[ 0.  0.]
[ 52.53281606   0.81561702] 524.859751502
---------
[ 52.53281606   0.81561702]
[ 0.  0.]
[ 52.53281606   0.81561702] 524.859751502
---------
[ 52.53281606   0.81561702]
[ 0.  0.]
[ 52.53281606   0.81561702] 524.859751502
---------
[ 52.53281606   0.81561702]
[ 0.  0.]
[ 52.53281606   0.81561702] 524.859751502
---------
[ 52.53281606   0.81561702]
[ 0.  0.]
[ 52.53281606   0.81561702] 524.859751502
---------
[ 52.53281606   0.81561702]
[ 0.  0.]
[ 52.53281606   0.81561702] 524.859751502
---------
[ 52.53281606   0.81561702]
[ 0.  0.]
[ 52.53281606   0.81561702] 524.859751502
---------
[ 52.53281606   0.81561702]
[ 0.  0.]
[ 52.53281606   0.81561702] 524.859751502
---------
[ 52.53281606   0.81561702]
[ 0.  0.]
[ 52.53281606   0.81561702] 524.859751502
---------
[ 52.53281606   0.81561702]
[ 0.  0.]
[ 52.53281606   0.81561702] 524.859751502
---------
[ 52.53281606   0.81561702]
[ 0.  0.]
[ 52.53281606   0.81561702] 524.859751502
---------
[ 52.53281606   0.81561702]
[ 0.  0.]
[ 52.53281606   0.81561702] 524.859751502
---------
[ 52.53281606   0.81561702]
[ 0.  0.]
[ 52.53281606   0.81561702] 524.859751502
---------
[ 52.53281606   0.81561702]
[ 0.  0.]
[ 52.53281606   0.81561702] 524.859751502
---------
[ 52.53281606   0.81561702]
[ 0.  0.]
[ 52.53281606   0.81561702] 524.859751502
---------
[ 52.53281606   0.81561702]
[ 0.  0.]
[ 52.53281606   0.81561702] 524.859751502
---------
[ 52.53281606   0.81561702]
[ 0.  0.]
[ 52.53281606   0.81561702] 524.859751502
---------
[ 52.53281606   0.81561702]
[ 0.  0.]
[ 52.53281606   0.81561702] 524.859751502
---------
[ 52.53281606   0.81561702]
[ 0.  0.]
[ 52.53281606   0.81561702] 524.859751502
---------
[ 52.53281606   0.81561702]
[ 0.  0.]
[ 52.53281606   0.81561702] 524.859751502
---------
[ 52.53281606   0.81561702]
[ 0.  0.]
[ 52.53281606   0.81561702] 524.859751502
---------
[ 52.53281606   0.81561702]
[ 0.  0.]
[ 52.53281606   0.81561702] 524.859751502
---------
[ 52.53281606   0.81561702]
[ 0.  0.]
[ 52.53281606   0.81561702] 524.859751502
---------
[ 52.53281606   0.81561702]
[ 52.53281606   0.81561702]
[ 0.  0.] 524.859751502
---------
[ 52.53281606   0.81561702]
[ 0.  0.]
[ 52.53281606   0.81561702] 524.859751502
---------
[ 52.53281606   0.81561702]
[ 0.  0.]
[ 52.53281606   0.81561702] 524.859751502
---------
[ 52.53281606   0.81561702]
[ 52.53281606   0.81561702]
[ 0.  0.] 524.859751502
---------
[ 52.53281606   0.81561702]
[ 0.  0.]
[ 52.53281606   0.81561702] 524.859751502
---------
[ 52.53281606   0.81561702]
[ 0.  0.]
[ 52.53281606   0.81561702] 524.859751502
---------
[ 52.53281606   0.81561702]
[ 0.  0.]
[ 52.53281606   0.81561702] 524.859751502
---------
[ 52.53281606   0.81561702]
[ 52.53281606   0.81561702]
[ 0.  0.] 524.859751502
---------
[ 52.53281606   0.81561702]
[ 0.  0.]
[ 52.53281606   0.81561702] 524.859751502
---------
[ 52.53281606   0.81561702]
[ 0.  0.]
[ 52.53281606   0.81561702] 524.859751502
---------
[ 52.53281606   0.81561702]
[ 52.53281606   0.81561702]
[ 0.  0.] 524.859751502
---------
[ 52.53281606   0.81561702]
[ 52.53281606   0.81561702]
[ 0.  0.] 524.859751502
---------
[ 52.53281606   0.81561702]
[ 0.  0.]
[ 52.53281606   0.81561702] 524.859751502
---------
[ 52.53281606   0.81561702]
[ 0.  0.]
[ 52.53281606   0.81561702] 524.859751502
---------
[ 52.53281606   0.81561702]
[ 0.  0.]
[ 52.53281606   0.81561702] 524.859751502
---------
[ 52.53281606   0.81561702]
[ 0.  0.]
[ 52.53281606   0.81561702] 524.859751502
---------
[ 52.53281606   0.81561702]
[ 0.  0.]
[ 52.53281606   0.81561702] 524.859751502
---------
[ 52.53281606   0.81561702]
[ 0.  0.]
[ 52.53281606   0.81561702] 524.859751502
---------
[ 52.53281606   0.81561702]
[ 0.  0.]
[ 52.53281606   0.81561702] 524.859751502
---------
[ 52.53281606   0.81561702]
[ 0.  0.]
[ 52.53281606   0.81561702] 524.859751502
---------
[ 52.53281606   0.81561702]
[ 0.  0.]
[ 52.53281606   0.81561702] 524.859751502
---------
[ 52.53281606   0.81561702]
[ 0.  0.]
[ 52.53281606   0.81561702] 524.859751502
---------
[ 52.53281606   0.81561702]
[ 0.  0.]
[ 52.53281606   0.81561702] 524.859751502
---------
[ 52.53281606   0.81561702]
[ 0.  0.]
[ 52.53281606   0.81561702] 524.859751502
---------
[ 52.53281606   0.81561702]
[ 0.  0.]
[ 52.53281606   0.81561702] 524.859751502
---------
[ 52.53281606   0.81561702]
[ 0.  0.]
[ 52.53281606   0.81561702] 524.859751502
---------
[ 52.53281606   0.81561702]
[ 0.  0.]
[ 52.53281606   0.81561702] 524.859751502
---------
[ 52.53281606   0.81561702]
[ 0.  0.]
[ 52.53281606   0.81561702] 524.859751502
---------
[ 52.53281606   0.81561702]
[ 0.  0.]
[ 52.53281606   0.81561702] 524.859751502
---------
[ 52.53281606   0.81561702]
[ 0.  0.]
[ 52.53281606   0.81561702] 524.859751502
---------
[ 52.53281606   0.81561702]
[ 0.  0.]
[ 52.53281606   0.81561702] 524.859751502
---------
[ 52.53281606   0.81561702]
[ 0.  0.]
[ 52.53281606   0.81561702] 524.859751502
---------
[ 52.53281606   0.81561702]
[ 0.  0.]
[ 52.53281606   0.81561702] 524.859751502
---------
[ 52.53281606   0.81561702]
[ 0.  0.]
[ 52.53281606   0.81561702] 524.859751502
---------
[ 52.53281606   0.81561702]
[ 0.  0.]
[ 52.53281606   0.81561702] 524.859751502
---------
[ 52.53281606   0.81561702]
[ 0.  0.]
[ 52.53281606   0.81561702] 524.859751502
---------
[-22.73024922 -59.21593076]
[ 0.  0.]
[-22.73024922 -59.21593076] 8245.46755891
---------
[-22.73024922 -59.21593076]
[ 0.  0.]
[-22.73024922 -59.21593076] 8245.46755891
---------
[-22.73024922 -59.21593076]
[ 0.  0.]
[-22.73024922 -59.21593076] 8245.46755891
---------
[-22.73024922 -59.21593076]
[ 0.  0.]
[-22.73024922 -59.21593076] 8245.46755891
---------
[-22.73024922 -59.21593076]
[ 0.  0.]
[-22.73024922 -59.21593076] 8245.46755891
---------
[-22.73024922 -59.21593076]
[ 0.  0.]
[-22.73024922 -59.21593076] 8245.46755891
---------
[-22.73024922 -59.21593076]
[-162.75409639 -364.31296059]
[ -5.22726833 -21.07880204] 8251.75786265
---------
[-22.73024922 -59.21593076]
[ 0.  0.]
[-22.73024922 -59.21593076] 8245.46755891
---------
[-22.73024922 -59.21593076]
[ 0.  0.]
[-22.73024922 -59.21593076] 8245.46755891
---------
[-22.73024922 -59.21593076]
[ 0.  0.]
[-22.73024922 -59.21593076] 8245.46755891
---------
[-22.73024922 -59.21593076]
[ 0.  0.]
[-22.73024922 -59.21593076] 8245.46755891
---------
[-22.73024922 -59.21593076]
[ 0.  0.]
[-22.73024922 -59.21593076] 8245.46755891
---------
[-22.73024922 -59.21593076]
[ 0.  0.]
[-22.73024922 -59.21593076] 8245.46755891
---------
[-22.73024922 -59.21593076]
[ 0.  0.]
[-22.73024922 -59.21593076] 8245.46755891
---------
[-22.73024922 -59.21593076]
[ 0.  0.]
[-22.73024922 -59.21593076] 8245.46755891
---------
[-22.73024922 -59.21593076]
[ 0.  0.]
[-22.73024922 -59.21593076] 8245.46755891
---------
[-22.73024922 -59.21593076]
[ 0.  0.]
[-22.73024922 -59.21593076] 8245.46755891
---------
[-22.73024922 -59.21593076]
[ 0.  0.]
[-22.73024922 -59.21593076] 8245.46755891
---------
[-22.73024922 -59.21593076]
[ 0.  0.]
[-22.73024922 -59.21593076] 8245.46755891
---------
[-22.73024922 -59.21593076]
[ 0.  0.]
[-22.73024922 -59.21593076] 8245.46755891
